28,23
28,19
28,3
0,342
2,5
0,352
0,410
0,384
0,318
0,395
0,293
0,311
28,14
28,8
28,31
28,5
36,14
0,313
35,1
35,3
0,378
0,387
31,43
0,252
0,251
0,250
0,248
0,247
0,246
0,245
0,244
29,0
0,436
28,35
0,284
0,242
0,379
0,362
28,30
28,32
28,28
28,22
28,20
28,16
28,10
29,16
29,6
0,241
0,240
0,239
0,238
0,237
0,235
0,233
0,232
0,231
0,230
0,229
0,228
0,45
0,6
0,433
26,4
29,4
28,12
28,9
28,4
24,13
24,12
24,11
24,9
24,8
24,5
24,1
24,4
32,4
26,3
29,7
29,8
36,8
0,443
28,18
28,11
28,6
28,7
28,27
28,25
28,17
28,24
28,21
28,29
28,1
28,36
24,7
24,6
24,3
27,3
27,1
27,4
26,1
26,5
0,337
30,4
31,1
31,8
31,4
36,4
34,3
34,1
34,4
33,3
33,1
33,4
32,1
32,3
25,1
25,4
29,14
29,10
29,17
29,3
29,15
29,11
24,10
0,413
2,1
2,6
2,3
0,312
1,1
1,3
32,2
0,412
0,445
0,249
0,236
0,234
0,227
0,226
0,225
0,224
0,223
0,222
0,221
0,220
0,219
0,218
0,217
0,215
0,214
0,213
0,212
0,211
0,210
0,209
0,208
0,207
0,206
0,205
0,204
0,203
0,202
0,201
0,200
0,199
0,198
0,197
0,196
0,195
0,194
0,193
0,192
0,63
0,62
0,61
29,13
36,11
0,441
0,4
0,336
29,12
0,216
0,59
0,54
0,53
0,52
0,51
0,50
0,49
0,333
0,328
31,41
28,15
28,33
28,26
29,1
29,9
0,60
0,58
0,57
0,56
0,55
0,409
0,321
33,2
0,432
29,5
0,1
0,358
0,322
0,0
36,5
0,405
36,12
36,3
31,9
0,300
0,299
0,298
0,297
0,296
0,295
0,292
0,291
0,290
0,289
0,288
0,287
0,286
0,285
0,283
0,282
0,281
0,280
0,279
0,278
0,277
0,276
0,275
0,274
0,273
0,272
0,271
0,270
0,269
0,268
0,267
0,266
0,265
0,264
